=== Run information ===

Scheme:       weka.classifiers.bayes.NaiveBayes 
Relation:     features
Instances:    520
Attributes:   14
              f01
              f02
              f03
              f04
              f05
              f06
              f07
              f08
              f09
              f10
              f11
              f12
              f13
              label
Test mode:    10-fold cross-validation

=== Classifier model (full training set) ===

Naive Bayes Classifier

                   Class
Attribute              a         b         c         d         e         f         g         h         i         j         k         l         m         n         o         p         q         r         s         t         u         v         w         x         y         z
                  (0.04)    (0.04)    (0.04)    (0.04)    (0.04)    (0.04)    (0.04)    (0.04)    (0.04)    (0.04)    (0.04)    (0.04)    (0.04)    (0.04)    (0.04)    (0.04)    (0.04)    (0.04)    (0.04)    (0.04)    (0.04)    (0.04)    (0.04)    (0.04)    (0.04)    (0.04)
===================================================================================================================================================================================================================================================================================
f01
  mean            -0.6903    0.1186   -0.6726   -0.0566    0.8611   -0.1832   -0.4726    0.1938    -0.069    0.0637    0.1319    0.6956    0.2381    0.0212   -0.4381   -0.0044   -0.5451    0.1743   -0.8124   -0.1451    0.1009    0.2708    0.1319    0.3973    0.1469    0.8381
  std. dev.        0.2864    0.2517    0.3153    0.3727    0.2493    0.5417    0.4791    0.3687    0.2843    0.2478     0.303    0.2547    0.2693    0.2942    0.3969    0.3305    0.4059    0.2431    0.3487    0.1676    0.2207    0.3666    0.2205     0.321    0.3288    0.4366
  weight sum           20        20        20        20        20        20        20        20        20        20        20        20        20        20        20        20        20        20        20        20        20        20        20        20        20        20
  precision        0.0177    0.0177    0.0177    0.0177    0.0177    0.0177    0.0177    0.0177    0.0177    0.0177    0.0177    0.0177    0.0177    0.0177    0.0177    0.0177    0.0177    0.0177    0.0177    0.0177    0.0177    0.0177    0.0177    0.0177    0.0177    0.0177

f02
  mean            -0.6055    0.8193   -0.3183    0.7303    0.1734   -0.7734   -0.5156    0.7257    0.8743    0.8587    0.7587   -0.5174    0.7266    0.7725    0.3697   -0.9092   -0.5468    0.8486      -0.3    0.9706    0.9569    0.8394    0.8881    0.7569    0.9239    0.2193
  std. dev.        0.2685    0.4887    0.5893    0.5629    0.4209    0.2655    0.5309    0.5405    0.3712    0.4321    0.5514    0.4392    0.5789     0.557    0.7127    0.2402    0.4878    0.4303    0.3661    0.0449    0.1194    0.2921     0.369    0.4106    0.1053    0.2703
  weight sum           20        20        20        20        20        20        20        20        20        20        20        20        20        20        20        20        20        20        20        20        20        20        20        20        20        20
  precision        0.0183    0.0183    0.0183    0.0183    0.0183    0.0183    0.0183    0.0183    0.0183    0.0183    0.0183    0.0183    0.0183    0.0183    0.0183    0.0183    0.0183    0.0183    0.0183    0.0183    0.0183    0.0183    0.0183    0.0183    0.0183    0.0183

f03
  mean           107.0622  124.2644   97.1257  109.4186  103.9202  179.4057  170.8831  135.2612   74.6607  128.6631  122.4577  141.3488   100.307   90.0956  154.3879  154.8199  157.7655   83.7724  124.0287  143.4303   79.7664    95.162   87.1893   93.7088  134.3579   79.8842
  std. dev.       23.7032   45.0871   18.4302   27.1387    24.561   50.3482     31.13    40.513   21.9944   85.4653   35.2026    28.159   38.3099   30.9936   28.8141   23.5659   30.1921   13.2426   25.1601   32.8982   18.1794   16.5853    26.118   31.4098     35.19   24.1403
  weight sum           20        20        20        20        20        20        20        20        20        20        20        20        20        20        20        20        20        20        20        20        20        20        20        20        20        20
  precision        0.7855    0.7855    0.7855    0.7855    0.7855    0.7855    0.7855    0.7855    0.7855    0.7855    0.7855    0.7855    0.7855    0.7855    0.7855    0.7855    0.7855    0.7855    0.7855    0.7855    0.7855    0.7855    0.7855    0.7855    0.7855    0.7855

f04
  mean             0.7928    1.0493     0.953    1.1691    0.9241    1.1323     1.124    1.1452    1.4464    1.2142    1.1718    1.2114    0.6557    0.9975    0.8857    1.1862    1.0967    1.0503    0.9887    1.0639    0.8996    0.8597    0.7618    0.8602     1.087    0.8872
  std. dev.        0.1038    0.0895     0.091    0.0633    0.0978    0.1354    0.0994    0.1363    0.1733    0.1478    0.1508    0.0694    0.1044    0.1194    0.0693    0.0694    0.0654    0.0528    0.1007    0.1078    0.0866    0.0861    0.0869    0.0687    0.1146    0.1259
  weight sum           20        20        20        20        20        20        20        20        20        20        20        20        20        20        20        20        20        20        20        20        20        20        20        20        20        20
  precision        0.0023    0.0023    0.0023    0.0023    0.0023    0.0023    0.0023    0.0023    0.0023    0.0023    0.0023    0.0023    0.0023    0.0023    0.0023    0.0023    0.0023    0.0023    0.0023    0.0023    0.0023    0.0023    0.0023    0.0023    0.0023    0.0023

f05
  mean             57.716   92.2112   64.9585   78.3235   68.9344    55.868   54.8041  116.9626   70.7264   80.5075  109.5708   33.7485   89.5232   79.6115   38.1724   67.5344   84.6887    42.895  111.3814   73.3956   50.6602   63.5959   61.2812   59.3213   80.9181   73.6756
  std. dev.       16.6569   27.4329   14.4308   18.3171   20.4053   31.5271   16.1885   24.7225   19.4281   26.8125    24.678   20.9056   27.8192   21.0424   15.3081   14.7077   21.5086    7.3213   21.2799   19.5938   14.5798   14.6157   20.2851   22.7063   18.3632   20.3523
  weight sum           20        20        20        20        20        20        20        20        20        20        20        20        20        20        20        20        20        20        20        20        20        20        20        20        20        20
  precision        0.3733    0.3733    0.3733    0.3733    0.3733    0.3733    0.3733    0.3733    0.3733    0.3733    0.3733    0.3733    0.3733    0.3733    0.3733    0.3733    0.3733    0.3733    0.3733    0.3733    0.3733    0.3733    0.3733    0.3733    0.3733    0.3733

f06
  mean             0.2578    0.1049   -0.0782    0.0872    0.7331     0.009    0.4732    0.4597    0.0051   -0.1747    0.3614    0.7624    0.8564    0.6011   -0.1914    0.0117    0.2711    0.9386    -0.587   -0.5229    0.7705    0.8808     0.982   -0.0981     0.712    0.6129
  std. dev.        0.2469    0.2657    0.2185    0.3002    0.1557    0.3764    0.2913    0.2062    0.1885    0.4937    0.2377    0.2582    0.0606    0.1892    0.6153    0.3248    0.2354    0.1125    0.1156    0.1434    0.5935    0.4297    0.0241    0.1741    0.1441      0.14
  weight sum           20        20        20        20        20        20        20        20        20        20        20        20        20        20        20        20        20        20        20        20        20        20        20        20        20        20
  precision        0.0043    0.0043    0.0043    0.0043    0.0043    0.0043    0.0043    0.0043    0.0043    0.0043    0.0043    0.0043    0.0043    0.0043    0.0043    0.0043    0.0043    0.0043    0.0043    0.0043    0.0043    0.0043    0.0043    0.0043    0.0043    0.0043

f07
  mean             0.9137    0.8419    0.9722    0.9316    0.5783    0.7505     0.692    0.8071    0.9802    0.8034    0.7948    -0.063    0.4527    0.7124     0.478   -0.9281    0.8477   -0.0785     0.797    0.8335    0.0557   -0.0325    0.0598    0.9797    0.5897    0.7656
  std. dev.        0.1931    0.4581    0.0322    0.1836    0.3224    0.5434    0.4607    0.3064    0.0636    0.2835    0.4265    0.5899    0.2396    0.3065    0.5977    0.1785    0.3888    0.3159    0.0871     0.105    0.2248    0.1961    0.1784    0.0268    0.3527    0.1397
  weight sum           20        20        20        20        20        20        20        20        20        20        20        20        20        20        20        20        20        20        20        20        20        20        20        20        20        20
  precision        0.0043    0.0043    0.0043    0.0043    0.0043    0.0043    0.0043    0.0043    0.0043    0.0043    0.0043    0.0043    0.0043    0.0043    0.0043    0.0043    0.0043    0.0043    0.0043    0.0043    0.0043    0.0043    0.0043    0.0043    0.0043    0.0043

f08
  mean           279.4959  286.5206  164.4093  234.4328  230.0236  359.0102  442.1116  281.2894     80.71  199.6079  299.4492  276.8055  248.4075   224.344  376.5721  292.3497  380.0845  156.9362   217.095  267.2399  146.1001  151.4808  184.2132  225.7639  326.5767  160.5233
  std. dev.       74.7987  110.0195   39.9768    87.973   58.0581  112.1676  108.1173  130.1364   33.6441  182.9921  118.1791   59.3042   76.7585   89.3007   66.3748   61.2386   91.8317   30.6272   48.9657   67.2876   40.2271   24.2953   59.2256   61.1475    83.772   47.4987
  weight sum           20        20        20        20        20        20        20        20        20        20        20        20        20        20        20        20        20        20        20        20        20        20        20        20        20        20
  precision        1.4946    1.4946    1.4946    1.4946    1.4946    1.4946    1.4946    1.4946    1.4946    1.4946    1.4946    1.4946    1.4946    1.4946    1.4946    1.4946    1.4946    1.4946    1.4946    1.4946    1.4946    1.4946    1.4946    1.4946    1.4946    1.4946

f09
  mean             9.6816   -1.4349    4.1764    7.7051    6.8564   -0.1396    4.3383   -0.2345    0.4411   -2.3059    1.9989     3.886   -0.9157    0.2233    7.0909    -4.383   10.8988   -0.6198    0.1954    4.6677    2.9704    2.2278    9.0563     4.718    1.2674   -0.0614
  std. dev.        1.4178    5.8316    0.9292    3.2183    0.7618    3.6628    2.4011    1.8154    1.4888    1.0765    3.7237    1.7605    1.1758    2.5134    1.5407    1.2171    1.5675    2.6077    0.9566    1.4737    2.1206    1.6161    2.7841    0.9721    1.7937    2.2082
  weight sum           20        20        20        20        20        20        20        20        20        20        20        20        20        20        20        20        20        20        20        20        20        20        20        20        20        20
  precision        0.1117    0.1117    0.1117    0.1117    0.1117    0.1117    0.1117    0.1117    0.1117    0.1117    0.1117    0.1117    0.1117    0.1117    0.1117    0.1117    0.1117    0.1117    0.1117    0.1117    0.1117    0.1117    0.1117    0.1117    0.1117    0.1117

f10
  mean              12.63   13.1951    8.1307   12.8634   10.0121   12.4696   19.2768   10.3439    1.5824    8.1818   18.0408   10.1616    18.008   13.1879    9.3084    9.8298   20.9686    8.5464   10.5627    8.8745    6.9932    9.5017   16.6407   11.8023   14.8723   10.0887
  std. dev.        2.8147    3.8911    2.8733    1.9944    3.0723    1.8057    4.1784    4.5593    1.7553    1.9042    6.8936    5.4822    3.8993    4.2981    2.9722    6.9117    3.9753    2.7659    3.0274    1.8491    4.5762    3.2087    5.1332    3.6317    1.9082    3.1134
  weight sum           20        20        20        20        20        20        20        20        20        20        20        20        20        20        20        20        20        20        20        20        20        20        20        20        20        20
  precision        0.0729    0.0729    0.0729    0.0729    0.0729    0.0729    0.0729    0.0729    0.0729    0.0729    0.0729    0.0729    0.0729    0.0729    0.0729    0.0729    0.0729    0.0729    0.0729    0.0729    0.0729    0.0729    0.0729    0.0729    0.0729    0.0729

f11
  mean            12.4416   14.9029    5.4113   13.2751    5.6819     7.698   18.9788   12.9827    0.9382     6.799    24.329    9.3083   26.4542   15.3436    2.8453    5.0273   22.5834   11.7565    4.9836     8.322    4.5123   11.1542   19.1752   11.2721   15.4789   12.6511
  std. dev.        4.6412    5.9389    3.3526    3.2043    3.2917    2.8284    5.1548    3.2085    1.4914    3.0858     7.287     5.319     6.011    6.5473    2.3472    8.6109    5.8205    3.1467    3.3845    3.6834    6.1845    4.8735    7.2312    5.2855     3.688    4.5661
  weight sum           20        20        20        20        20        20        20        20        20        20        20        20        20        20        20        20        20        20        20        20        20        20        20        20        20        20
  precision        0.0873    0.0873    0.0873    0.0873    0.0873    0.0873    0.0873    0.0873    0.0873    0.0873    0.0873    0.0873    0.0873    0.0873    0.0873    0.0873    0.0873    0.0873    0.0873    0.0873    0.0873    0.0873    0.0873    0.0873    0.0873    0.0873

f12
  mean             0.5189    0.9391    0.4759    0.7545    0.6234    1.5323    2.0349     1.198    0.5084    0.9066    1.2583    1.8457    0.6466    1.0123     1.667    1.3756     1.256    0.4794    0.9774    1.2885    0.3413    1.3651    0.3448    1.0297    1.3837    0.6907
  std. dev.        0.2064      0.78    0.1697    0.6959    0.6782    0.9597    1.0464    0.8659    0.4819    1.2165    0.6819    0.9493    0.7377    1.1502    1.4708    1.2311    1.2205    0.1858    0.8807    0.6793    0.2161    1.1885    0.2438    0.9748    0.9995    0.3302
  weight sum           20        20        20        20        20        20        20        20        20        20        20        20        20        20        20        20        20        20        20        20        20        20        20        20        20        20
  precision        0.0232    0.0232    0.0232    0.0232    0.0232    0.0232    0.0232    0.0232    0.0232    0.0232    0.0232    0.0232    0.0232    0.0232    0.0232    0.0232    0.0232    0.0232    0.0232    0.0232    0.0232    0.0232    0.0232    0.0232    0.0232    0.0232

f13
  mean           826.3692  815.6692  467.5077  781.9231     674.1  795.0923    1037.9  708.6692  251.8615  557.2231 1050.2462  730.0692  976.9923     577.8       535  532.5308 1111.1538  612.3692  489.7308  646.1154  638.7077  667.5154  970.4077  814.0231  903.7385  780.2769
  std. dev.      105.4824  133.5796   140.686  108.6337  105.3378  111.5383  222.7773  283.4768   67.0896  128.4923  433.2106  316.9979  151.7924  246.3132  176.1077  367.6962  339.9417  131.4452  134.5297  129.1864  201.4505  301.9459  225.8578   162.167  174.5932  117.1433
  weight sum           20        20        20        20        20        20        20        20        20        20        20        20        20        20        20        20        20        20        20        20        20        20        20        20        20        20
  precision       16.4615   16.4615   16.4615   16.4615   16.4615   16.4615   16.4615   16.4615   16.4615   16.4615   16.4615   16.4615   16.4615   16.4615   16.4615   16.4615   16.4615   16.4615   16.4615   16.4615   16.4615   16.4615   16.4615   16.4615   16.4615   16.4615



Time taken to build model: 0 seconds

=== Stratified cross-validation ===
=== Summary ===

Correctly Classified Instances         404               77.6923 %
Incorrectly Classified Instances       116               22.3077 %
Kappa statistic                          0.768 
Mean absolute error                      0.0183
Root mean squared error                  0.1188
Relative absolute error                 24.7137 %
Root relative squared error             61.7755 %
Total Number of Instances              520     

=== Detailed Accuracy By Class ===

                 TP Rate  FP Rate  Precision  Recall   F-Measure  MCC      ROC Area  PRC Area  Class
                 0.900    0.006    0.857      0.900    0.878      0.873    0.965     0.932     a
                 0.800    0.016    0.667      0.800    0.727      0.719    0.897     0.678     b
                 0.800    0.000    1.000      0.800    0.889      0.891    0.994     0.929     c
                 0.850    0.018    0.654      0.850    0.739      0.734    0.923     0.752     d
                 0.750    0.004    0.882      0.750    0.811      0.807    0.952     0.914     e
                 0.750    0.018    0.625      0.750    0.682      0.671    0.987     0.694     f
                 0.750    0.016    0.652      0.750    0.698      0.687    0.971     0.738     g
                 0.500    0.016    0.556      0.500    0.526      0.509    0.872     0.529     h
                 0.850    0.000    1.000      0.850    0.919      0.919    0.964     0.939     i
                 0.750    0.006    0.833      0.750    0.789      0.783    0.915     0.824     j
                 0.400    0.028    0.364      0.400    0.381      0.355    0.966     0.452     k
                 0.850    0.002    0.944      0.850    0.895      0.892    0.946     0.905     l
                 0.900    0.006    0.857      0.900    0.878      0.873    0.954     0.909     m
                 0.650    0.020    0.565      0.650    0.605      0.589    0.817     0.466     n
                 0.850    0.004    0.895      0.850    0.872      0.867    0.979     0.922     o
                 0.900    0.002    0.947      0.900    0.923      0.920    0.974     0.911     p
                 0.800    0.010    0.762      0.800    0.780      0.772    0.944     0.786     q
                 0.850    0.006    0.850      0.850    0.850      0.844    0.960     0.797     r
                 0.900    0.002    0.947      0.900    0.923      0.920    0.989     0.924     s
                 0.850    0.004    0.895      0.850    0.872      0.867    0.981     0.905     t
                 0.800    0.016    0.667      0.800    0.727      0.719    0.893     0.643     u
                 0.500    0.004    0.833      0.500    0.625      0.635    0.926     0.702     v
                 0.800    0.010    0.762      0.800    0.780      0.772    0.970     0.803     w
                 0.850    0.004    0.895      0.850    0.872      0.867    0.974     0.939     x
                 0.700    0.006    0.824      0.700    0.757      0.751    0.982     0.876     y
                 0.900    0.008    0.818      0.900    0.857      0.852    0.925     0.824     z
Weighted Avg.    0.777    0.009    0.790      0.777    0.779      0.773    0.947     0.796     

=== Confusion Matrix ===

  a  b  c  d  e  f  g  h  i  j  k  l  m  n  o  p  q  r  s  t  u  v  w  x  y  z   <-- classified as
 18  0  0  0  0  0  0  0  0  0  0  0  0  0  1  0  0  0  0  0  0  0  1  0  0  0 |  a = a
  0 16  0  0  0  0  0  0  0  0  1  0  0  0  0  0  2  0  0  0  0  0  0  0  0  1 |  b = b
  1  0 16  2  0  0  0  0  0  0  0  0  0  0  0  0  0  0  0  0  0  0  0  1  0  0 |  c = c
  0  0  0 17  0  1  1  0  0  0  0  0  0  0  0  0  1  0  0  0  0  0  0  0  0  0 |  d = d
  0  0  0  1 15  1  0  0  0  0  1  0  0  0  1  0  0  0  0  0  0  0  0  0  0  1 |  e = e
  0  0  0  0  0 15  2  0  0  1  0  1  0  0  0  0  0  0  1  0  0  0  0  0  0  0 |  f = f
  1  0  0  0  0  0 15  0  0  0  2  0  0  0  0  0  1  0  0  0  0  0  0  0  1  0 |  g = g
  0  1  0  0  0  0  2 10  0  0  2  0  0  4  0  0  0  0  0  0  0  0  0  0  0  1 |  h = h
  0  0  0  0  0  0  0  0 17  1  0  0  0  2  0  0  0  0  0  0  0  0  0  0  0  0 |  i = i
  0  1  0  1  0  1  0  2  0 15  0  0  0  0  0  0  0  0  0  0  0  0  0  0  0  0 |  j = j
  0  5  0  4  0  0  1  2  0  0  8  0  0  0  0  0  0  0  0  0  0  0  0  0  0  0 |  k = k
  0  0  0  0  1  1  0  0  0  0  0 17  0  0  0  0  1  0  0  0  0  0  0  0  0  0 |  l = l
  0  0  0  0  0  1  0  0  0  0  0  0 18  0  0  0  0  0  0  0  0  0  0  0  1  0 |  m = m
  0  0  0  0  0  0  0  2  0  0  1  0  0 13  0  0  0  1  0  0  1  0  1  0  0  1 |  n = n
  0  0  0  0  0  1  0  0  0  0  0  0  0  0 17  0  0  0  0  0  0  0  1  1  0  0 |  o = o
  0  0  0  0  0  0  0  0  0  0  2  0  0  0  0 18  0  0  0  0  0  0  0  0  0  0 |  p = p
  1  0  0  0  0  0  2  0  0  0  1  0  0  0  0  0 16  0  0  0  0  0  0  0  0  0 |  q = q
  0  0  0  0  0  0  0  0  0  0  0  0  0  0  0  1  0 17  0  0  0  1  0  0  1  0 |  r = r
  0  0  0  0  0  2  0  0  0  0  0  0  0  0  0  0  0  0 18  0  0  0  0  0  0  0 |  s = s
  0  1  0  1  0  0  0  0  0  1  0  0  0  0  0  0  0  0  0 17  0  0  0  0  0  0 |  t = t
  0  0  0  0  1  0  0  0  0  0  1  0  0  0  0  0  0  1  0  0 16  1  0  0  0  0 |  u = u
  0  0  0  0  0  0  0  0  0  0  0  0  1  0  0  0  0  1  0  0  6 10  2  0  0  0 |  v = v
  0  0  0  0  0  0  0  0  0  0  2  0  1  0  0  0  0  0  0  0  1  0 16  0  0  0 |  w = w
  0  0  0  0  0  1  0  0  0  0  0  0  0  0  0  0  0  0  0  2  0  0  0 17  0  0 |  x = x
  0  0  0  0  0  0  0  2  0  0  1  0  0  3  0  0  0  0  0  0  0  0  0  0 14  0 |  y = y
  0  0  0  0  0  0  0  0  0  0  0  0  1  1  0  0  0  0  0  0  0  0  0  0  0 18 |  z = z

