=== Run information ===

Scheme:       weka.classifiers.trees.RandomForest -P 100 -I 100 -num-slots 1 -K 0 -M 1.0 -V 0.001 -S 1
Relation:     features
Instances:    520
Attributes:   14
              f01
              f02
              f03
              f04
              f05
              f06
              f07
              f08
              f09
              f10
              f11
              f12
              f13
              label
Test mode:    10-fold cross-validation

=== Classifier model (full training set) ===

RandomForest

Bagging with 100 iterations and base learner

weka.classifiers.trees.RandomTree -K 0 -M 1.0 -V 0.001 -S 1 -do-not-check-capabilities

Time taken to build model: 0.24 seconds

=== Stratified cross-validation ===
=== Summary ===

Correctly Classified Instances         450               86.5385 %
Incorrectly Classified Instances        70               13.4615 %
Kappa statistic                          0.86  
Mean absolute error                      0.0292
Root mean squared error                  0.101 
Relative absolute error                 39.448  %
Root relative squared error             52.5049 %
Total Number of Instances              520     

=== Detailed Accuracy By Class ===

                 TP Rate  FP Rate  Precision  Recall   F-Measure  MCC      ROC Area  PRC Area  Class
                 0.950    0.006    0.864      0.950    0.905      0.902    0.999     0.977     a
                 0.750    0.002    0.938      0.750    0.833      0.833    0.993     0.914     b
                 0.850    0.002    0.944      0.850    0.895      0.892    0.997     0.948     c
                 0.900    0.004    0.900      0.900    0.900      0.896    0.996     0.933     d
                 0.850    0.006    0.850      0.850    0.850      0.844    0.997     0.934     e
                 0.800    0.010    0.762      0.800    0.780      0.772    0.996     0.919     f
                 0.850    0.008    0.810      0.850    0.829      0.823    0.989     0.903     g
                 0.600    0.008    0.750      0.600    0.667      0.659    0.986     0.809     h
                 0.900    0.002    0.947      0.900    0.923      0.920    0.968     0.933     i
                 0.900    0.004    0.900      0.900    0.900      0.896    0.984     0.932     j
                 0.900    0.014    0.720      0.900    0.800      0.796    0.998     0.943     k
                 0.800    0.006    0.842      0.800    0.821      0.814    0.996     0.921     l
                 0.900    0.004    0.900      0.900    0.900      0.896    0.996     0.959     m
                 0.650    0.006    0.813      0.650    0.722      0.717    0.909     0.721     n
                 0.900    0.002    0.947      0.900    0.923      0.920    0.998     0.959     o
                 0.900    0.002    0.947      0.900    0.923      0.920    0.997     0.953     p
                 0.900    0.008    0.818      0.900    0.857      0.852    0.996     0.929     q
                 0.900    0.012    0.750      0.900    0.818      0.814    0.996     0.932     r
                 0.850    0.002    0.944      0.850    0.895      0.892    0.997     0.956     s
                 0.900    0.004    0.900      0.900    0.900      0.896    0.998     0.961     t
                 0.850    0.004    0.895      0.850    0.872      0.867    0.994     0.922     u
                 0.800    0.004    0.889      0.800    0.842      0.837    0.993     0.883     v
                 0.950    0.010    0.792      0.950    0.864      0.862    0.968     0.935     w
                 0.950    0.002    0.950      0.950    0.950      0.948    0.996     0.957     x
                 1.000    0.002    0.952      1.000    0.976      0.975    0.999     0.962     y
                 1.000    0.006    0.870      1.000    0.930      0.930    0.999     0.969     z
Weighted Avg.    0.865    0.005    0.869      0.865    0.864      0.861    0.990     0.926     

=== Confusion Matrix ===

  a  b  c  d  e  f  g  h  i  j  k  l  m  n  o  p  q  r  s  t  u  v  w  x  y  z   <-- classified as
 19  0  0  0  0  0  0  0  0  0  0  0  0  0  0  0  0  0  0  0  0  0  1  0  0  0 |  a = a
  0 15  0  0  0  0  0  1  0  0  2  0  0  0  1  0  1  0  0  0  0  0  0  0  0  0 |  b = b
  1  0 17  2  0  0  0  0  0  0  0  0  0  0  0  0  0  0  0  0  0  0  0  0  0  0 |  c = c
  0  0  0 18  0  0  0  0  0  0  0  0  0  0  0  0  2  0  0  0  0  0  0  0  0  0 |  d = d
  0  0  0  0 17  0  1  0  0  0  0  0  0  1  0  0  0  0  0  0  1  0  0  0  0  0 |  e = e
  0  0  0  0  0 16  1  0  0  0  0  2  0  0  0  0  0  0  1  0  0  0  0  0  0  0 |  f = f
  0  0  0  0  0  1 17  0  0  0  0  0  0  0  0  0  1  0  0  0  0  0  0  0  1  0 |  g = g
  0  0  0  0  0  0  0 12  0  0  4  0  0  2  0  0  0  0  0  0  0  0  0  0  0  2 |  h = h
  0  0  1  0  0  0  0  0 18  0  0  0  0  0  0  0  0  0  0  1  0  0  0  0  0  0 |  i = i
  0  0  0  0  0  0  0  0  1 18  0  0  1  0  0  0  0  0  0  0  0  0  0  0  0  0 |  j = j
  0  0  0  0  0  0  0  2  0  0 18  0  0  0  0  0  0  0  0  0  0  0  0  0  0  0 |  k = k
  0  1  0  0  2  1  0  0  0  0  0 16  0  0  0  0  0  0  0  0  0  0  0  0  0  0 |  l = l
  0  0  0  0  0  0  0  0  0  0  1  0 18  0  0  0  0  0  0  0  0  0  1  0  0  0 |  m = m
  0  0  0  0  0  0  0  1  0  0  0  0  1 13  0  0  0  2  0  0  0  0  2  0  0  1 |  n = n
  1  0  0  0  0  0  0  0  0  0  0  0  0  0 18  0  0  0  0  0  1  0  0  0  0  0 |  o = o
  0  0  0  0  0  0  0  0  0  0  0  1  0  0  0 18  0  1  0  0  0  0  0  0  0  0 |  p = p
  1  0  0  0  0  0  1  0  0  0  0  0  0  0  0  0 18  0  0  0  0  0  0  0  0  0 |  q = q
  0  0  0  0  0  0  0  0  0  0  0  0  0  0  0  1  0 18  0  0  0  1  0  0  0  0 |  r = r
  0  0  0  0  0  2  1  0  0  0  0  0  0  0  0  0  0  0 17  0  0  0  0  0  0  0 |  s = s
  0  0  0  0  0  0  0  0  0  1  0  0  0  0  0  0  0  0  0 18  0  0  0  1  0  0 |  t = t
  0  0  0  0  1  0  0  0  0  1  0  0  0  0  0  0  0  1  0  0 17  0  0  0  0  0 |  u = u
  0  0  0  0  0  0  0  0  0  0  0  0  0  0  0  0  0  2  0  1  0 16  1  0  0  0 |  v = v
  0  0  0  0  0  0  0  0  0  0  0  0  0  0  0  0  0  0  0  0  0  1 19  0  0  0 |  w = w
  0  0  0  0  0  1  0  0  0  0  0  0  0  0  0  0  0  0  0  0  0  0  0 19  0  0 |  x = x
  0  0  0  0  0  0  0  0  0  0  0  0  0  0  0  0  0  0  0  0  0  0  0  0 20  0 |  y = y
  0  0  0  0  0  0  0  0  0  0  0  0  0  0  0  0  0  0  0  0  0  0  0  0  0 20 |  z = z

